     0.7933500000     0.0000000000     0.0000000000     0.0000000000
     0.8302500000     0.0000000000     0.0000000000     0.0000000000
     0.8671500000     0.0000000000     0.0000000000     0.0000000000
     0.9040500000     0.0000000000     0.0000000000     0.0000000000
     0.9409500000     0.0000000000     0.0000000000     0.0000000000
     0.9778500000     0.0000000000     0.0000000000     0.0000000000
     1.0147500000     0.0000000000     0.0000000000     0.0000000000
     1.0516500000     0.0000000000     0.0000000000     0.0000000000
     1.0885500000     0.0000000000     0.0000000000     0.0000000000
     1.1254500000     0.0000000000     0.0000000000     0.0000000000
     1.1623500000     0.0000000000     0.0000000000     0.0000000000
     1.1992500000     0.0000000000     0.0000000000     0.0000000000
     1.2361500000     0.0000000000     0.0000000000     0.0000000000
     1.2730500000     0.0000000000     0.0000000000     0.0000000000
     1.3099500000     0.0000000000     0.0000000000     0.0000000000
     1.3468500000     0.0000000000     0.0000000000     0.0000000000
     1.3837500000     0.0000000000     0.0000248724     0.0000000000
     1.4206500000     0.0000000000     0.0003893535     0.0000471944
     1.4575500000     0.0000000000     0.0020960435     0.0000224176
     1.4944500000     0.0000000000     0.0093187012     0.0001066213
     1.5313500000     0.0000000000     0.0341394538     0.0003858713
     1.5682500000     0.0000000000     0.0940247362     0.0007745833
     1.6051500000     0.0000000000     0.2120452905     0.0020148138
     1.6420500000     0.0000000000     0.4042384847     0.0038858895
     1.6789500000     0.0000000000     0.6502745731     0.0086503912
     1.7158500000     0.0000000000     0.9150941064     0.0160308693
     1.7527500000     0.0000000000     1.1503348204     0.0278115530
     1.7896500000     0.0000000000     1.3153887818     0.0481932517
     1.8265500000     0.0000000000     1.3949397916     0.0765576670
     1.8634500000     0.0000000000     1.3875136155     0.1166633633
     1.9003500000     0.0000000000     1.3175177896     0.1733690566
     1.9372500000     0.0000000000     1.1955852474     0.2448226404
     1.9741500000     0.0000000000     1.0542060742     0.3284235764
     2.0110500000     0.0000000000     0.9097907626     0.4298623720
     2.0479500000     0.0000000000     0.7667611062     0.5486095488
     2.0848500000     0.0000000000     0.6417825173     0.6677948047
     2.1217500000     0.0000000000     0.5325332811     0.7926268647
     2.1586500000     0.0000000000     0.4478436221     0.9187759710
     2.1955500000     0.0000000000     0.3740709545     1.0360879192
     2.2324500000     0.0000000000     0.3151158358     1.1419568542
     2.2693500000     0.0000000000     0.2738461684     1.2272514321
     2.3062500000     0.0000179088     0.2346815389     1.3070477206
     2.3431500000     0.0002255397     0.2125061004     1.3548429548
     2.3800500000     0.0015302040     0.1884168719     1.3799581075
     2.4169500000     0.0072561296     0.1782888119     1.3857169344
     2.4538500000     0.0317333200     0.1705072730     1.3726796496
     2.4907500000     0.1083068746     0.1707322609     1.3404626281
     2.5276500000     0.2755323956     0.1772898373     1.2941792850
     2.5645500000     0.5807833508     0.1906942267     1.2321786372
     2.6014500000     1.0333915873     0.2077972855     1.1624670103
     2.6383500000     1.5635202556     0.2373579145     1.0852739235
     2.6752500000     2.0743377505     0.2761866315     1.0120277266
     2.7121500000     2.4832316230     0.3229909156     0.9482955526
     2.7490500000     2.6987084617     0.3871080123     0.8876164573
     2.7859500000     2.7615632529     0.4616452980     0.8380636774
     2.8228500000     2.6676282103     0.5548578458     0.7942422169
     2.8597500000     2.4470588303     0.6596090545     0.7606293167
     2.8966500000     2.1925164462     0.7736603823     0.7421004788
     2.9335500000     1.9022311966     0.9027980161     0.7310369115
     2.9704500000     1.6451972657     1.0346418663     0.7245548162
     3.0073500000     1.4166004063     1.1598275618     0.7202225518
     3.0442500000     1.2368847667     1.2774790577     0.7291606269
     3.0811500000     1.0818055043     1.3764203606     0.7411839638
     3.1180500000     0.9800197190     1.4608223291     0.7585215655
     3.1549500000     0.8962226867     1.5236178032     0.7785582904
     3.1918500000     0.8507224568     1.5575899892     0.7977188453
     3.2287500000     0.8156909121     1.5726202078     0.8237362554
     3.2656500000     0.8049804883     1.5717457507     0.8465228550
     3.3025500000     0.7983938521     1.5578387337     0.8777459112
     3.3394500000     0.8031236978     1.5310138056     0.9049000194
     3.3763500000     0.8036385703     1.4957059333     0.9371104056
     3.4132500000     0.8261090903     1.4483052290     0.9633088210
     3.4501500000     0.8312991933     1.4100733717     0.9945117992
     3.4870500000     0.8468806366     1.3615446963     1.0257794414
     3.5239500000     0.8665243788     1.3150240751     1.0552692634
     3.5608500000     0.8845076133     1.2677760909     1.0876836848
     3.5977500000     0.9042679795     1.2251602894     1.1138359363
     3.6346500000     0.9238335802     1.1858778486     1.1363459479
     3.6715500000     0.9383355100     1.1497722660     1.1573490045
     3.7084500000     0.9578151574     1.1175214342     1.1693335083
     3.7453500000     0.9690965296     1.0910195939     1.1801718027
     3.7822500000     0.9874748254     1.0696489779     1.1894077673
     3.8191500000     0.9971482462     1.0494435253     1.1873286302
     3.8560500000     1.0117368009     1.0338910251     1.1798545793
     3.8929500000     1.0246088874     1.0246654554     1.1751299015
     3.9298500000     1.0322880203     1.0160850841     1.1584791031
     3.9667500000     1.0495483999     1.0092766149     1.1443422191
     4.0036500000     1.0561472509     1.0048793082     1.1245817609
     4.0405500000     1.0719755387     1.0055145722     1.1069126177
     4.0774500000     1.0839952362     1.0027610518     1.0879227344
     4.1143500000     1.0900843720     1.0007093942     1.0748180927
     4.1512500000     1.0929565959     1.0009197021     1.0582605262
     4.1881500000     1.1000389856     0.9987027421     1.0468388833
     4.2250500000     1.1120924101     0.9982818301     1.0385452210
     4.2619500000     1.1193542935     0.9962311421     1.0311855628
     4.2988500000     1.1206114690     0.9947503383     1.0267542600
     4.3357500000     1.1280230632     0.9911283149     1.0263521167
     4.3726500000     1.1248179745     0.9876096609     1.0266293065
     4.4095500000     1.1285328578     0.9842507415     1.0265330634
     4.4464500000     1.1295658663     0.9836564018     1.0272380902
     4.4833500000     1.1190765726     0.9786215513     1.0255346705
     4.5202500000     1.1166237922     0.9739165285     1.0293626465
     4.5571500000     1.1213274334     0.9699986377     1.0308686540
     4.5940500000     1.1121514254     0.9700171860     1.0295917298
     4.6309500000     1.1056205439     0.9658867101     1.0305985136
     4.6678500000     1.1011586062     0.9647793946     1.0294798181
     4.7047500000     1.0956113133     0.9662957752     1.0311181499
     4.7416500000     1.0837518400     0.9639507025     1.0283315805
     4.7785500000     1.0724269552     0.9635189888     1.0245566739
     4.8154500000     1.0625282918     0.9663145987     1.0192235035
     4.8523500000     1.0537603077     0.9666889784     1.0183310050
     4.8892500000     1.0431585339     0.9686783766     1.0119897362
     4.9261500000     1.0361150197     0.9719689492     1.0092915661
     4.9630500000     1.0251817201     0.9742041616     1.0051035480
     4.9999500000     1.0165108521     0.9790644932     0.9976252600
     5.0368500000     1.0045476007     0.9799199494     0.9908900817
     5.0737500000     0.9925534561     0.9850429138     0.9903629198
     5.1106500000     0.9798405654     0.9871254288     0.9800466204
     5.1475500000     0.9661917873     0.9907763513     0.9768434507
     5.1844500000     0.9601384528     0.9937461515     0.9721575929
     5.2213500000     0.9445890883     0.9981152326     0.9669995253
     5.2582500000     0.9355296404     0.9979957226     0.9637572436
     5.2951500000     0.9255871350     1.0010787963     0.9587886879
     5.3320500000     0.9169818354     1.0025405506     0.9563810429
     5.3689500000     0.9032012704     1.0027895841     0.9554159880
     5.4058500000     0.8980873025     1.0047914785     0.9530858763
     5.4427500000     0.8897454796     1.0034661380     0.9509190184
     5.4796500000     0.8792081201     1.0033026391     0.9521309988
     5.5165500000     0.8695670070     1.0046915074     0.9550926463
     5.5534500000     0.8717507557     0.9997723923     0.9564756461
     5.5903500000     0.8645872846     1.0007906959     0.9565198439
     5.6272500000     0.8652128384     0.9978723295     0.9610093521
     5.6641500000     0.8689523638     0.9958192011     0.9641178938
     5.7010500000     0.8679069755     0.9930335355     0.9651445956
     5.7379500000     0.8738237738     0.9913913046     0.9728034183
     5.7748500000     0.8756115189     0.9880638733     0.9760180846
     5.8117500000     0.8814771289     0.9835703834     0.9787345171
     5.8486500000     0.8897263664     0.9799654778     0.9819648817
     5.8855500000     0.8994050017     0.9762510004     0.9851117914
     5.9224500000     0.9067671848     0.9747001772     0.9865956984
     5.9593500000     0.9216221052     0.9699860227     0.9900353965
     5.9962500000     0.9315002980     0.9669383997     0.9936166551
     6.0331500000     0.9418798720     0.9658408739     0.9963220632
     6.0700500000     0.9515227513     0.9654158965     0.9967582015
     6.1069500000     0.9633573066     0.9634217978     0.9975376162
     6.1438500000     0.9748296623     0.9624934483     1.0006061291
     6.1807500000     0.9853168801     0.9632309188     0.9978179206
     6.2176500000     0.9939176668     0.9655931286     1.0009202623
     6.2545500000     1.0060728472     0.9675216356     1.0031593937
     6.2914500000     1.0137626088     0.9688524872     1.0022053877
     6.3283500000     1.0227250025     0.9693522312     1.0047315083
     6.3652500000     1.0304927886     0.9737679242     1.0020477768
     6.4021500000     1.0351648344     0.9764170501     1.0028705473
     6.4390500000     1.0407490970     0.9775270194     1.0023474026
     6.4759500000     1.0468228990     0.9822472237     1.0030395656
     6.5128500000     1.0541590457     0.9853686325     1.0032003562
     6.5497500000     1.0599183012     0.9891607883     1.0069620209
     6.5866500000     1.0622595103     0.9921169256     1.0034101310
     6.6235500000     1.0644307915     0.9967041263     1.0033041256
     6.6604500000     1.0643717022     0.9995234520     1.0039430082
     6.6973500000     1.0646188016     1.0020456334     1.0045685224
     6.7342500000     1.0685059541     1.0060920551     1.0060327178
     6.7711500000     1.0696172005     1.0085704326     1.0064133599
     6.8080500000     1.0665395741     1.0118984335     1.0060248320
     6.8449500000     1.0644153965     1.0129925508     1.0077564412
     6.8818500000     1.0663240804     1.0175469834     1.0074049917
     6.9187500000     1.0616305794     1.0198515155     1.0072733220
     6.9556500000     1.0619280453     1.0230142442     1.0079953746
     6.9925500000     1.0599470530     1.0237543163     1.0089841264
     7.0294500000     1.0577022743     1.0259136056     1.0080190155
     7.0663500000     1.0513965250     1.0276515933     1.0099424497
     7.1032500000     1.0491326943     1.0292396661     1.0121567424
     7.1401500000     1.0485652413     1.0298455997     1.0120274680
     7.1770500000     1.0417589719     1.0305247714     1.0121644817
     7.2139500000     1.0393161669     1.0317896387     1.0122027276
     7.2508500000     1.0334247718     1.0326031209     1.0130184799
     7.2877500000     1.0311950679     1.0327513759     1.0137550920
     7.3246500000     1.0275124916     1.0331327520     1.0123242063
     7.3615500000     1.0239273297     1.0329145449     1.0122349856
     7.3984500000     1.0195810313     1.0314245949     1.0126044532
     7.4353500000     1.0171828897     1.0314183088     1.0117201209
     7.4722500000     1.0083369154     1.0317674481     1.0106809923
     7.5091500000     1.0066343001     1.0295737046     1.0122613529
     7.5460500000     1.0018922299     1.0288095365     1.0109672649
     7.5829500000     1.0007843662     1.0274233619     1.0104082485
     7.6198500000     0.9993703822     1.0272838817     1.0114769777
     7.6567500000     0.9963513012     1.0240459600     1.0094926564
     7.6936500000     0.9932699984     1.0217963415     1.0099619282
     7.7305500000     0.9924191310     1.0210364140     1.0100335676
     7.7674500000     0.9904612310     1.0192915635     1.0085433907
     7.8043500000     0.9880861538     1.0167997231     1.0098660842
     7.8412500000     0.9842121508     1.0139202871     1.0087334473
     7.8781500000     0.9854380403     1.0123661119     1.0088200569
     7.9150500000     0.9837535227     1.0099502507     1.0073802596
     7.9519500000     0.9821119913     1.0087760504     1.0075505928
     7.9888500000     0.9832437803     1.0053475940     1.0080613643
     8.0257500000     0.9795721686     1.0034644342     1.0066250528
     8.0626500000     0.9841204965     1.0012669361     1.0069186745
     8.0995500000     0.9824107704     0.9996608791     1.0058714410
     8.1364500000     0.9825447575     0.9973405407     1.0065096673
     8.1733500000     0.9824352316     0.9958176222     1.0060815783
     8.2102500000     0.9833110666     0.9934861493     1.0056551272
     8.2471500000     0.9859119508     0.9916284043     1.0042737864
     8.2840500000     0.9882624003     0.9907532419     1.0029478860
     8.3209500000     0.9878428640     0.9881389961     1.0033882489
     8.3578500000     0.9894581043     0.9882720805     1.0026253881
     8.3947500000     0.9886089613     0.9870947465     1.0024609355
     8.4316500000     0.9894732219     0.9860954073     1.0016660471
     8.4685500000     0.9910831725     0.9858323871     1.0007439802
     8.5054500000     0.9919064358     0.9852889289     1.0004289076
     8.5423500000     0.9937254250     0.9847461160     1.0004846272
     8.5792500000     0.9949652932     0.9839513065     0.9984634198
     8.6161500000     0.9949644940     0.9853293505     0.9979785036
     8.6530500000     0.9951679640     0.9843311883     0.9969184883
     8.6899500000     0.9963588866     0.9846483440     0.9957464759
     8.7268500000     0.9969287823     0.9855325052     0.9954935380
     8.7637500000     0.9972813777     0.9860596228     0.9949639762
     8.8006500000     0.9989507944     0.9867612609     0.9931544245
     8.8375500000     0.9986659851     0.9869704431     0.9931234239
     8.8744500000     0.9986585739     0.9882036704     0.9933791137
     8.9113500000     0.9971392516     0.9897344226     0.9922398835
     8.9482500000     0.9999911924     0.9905711062     0.9934024259
     8.9851500000     1.0003310148     0.9905144205     0.9923461828
     9.0220500000     1.0004445939     0.9926741505     0.9932399652
     9.0589500000     1.0004024152     0.9934249569     0.9933793981
     9.0958500000     0.9993090586     0.9948703753     0.9931845333
     9.1327500000     0.9978877521     0.9955239944     0.9928975653
     9.1696500000     1.0020589885     0.9966894357     0.9935369227
     9.2065500000     1.0008461285     0.9977887929     0.9935756149
     9.2434500000     0.9997890026     0.9992179160     0.9957415063
     9.2803500000     1.0020925563     0.9996322345     0.9951987888
     9.3172500000     0.9992633383     1.0016062799     0.9965794207
     9.3541500000     0.9989850795     1.0018174178     0.9982050774
     9.3910500000     0.9996988546     1.0026707221     0.9972011466
     9.4279500000     1.0019740622     1.0024367479     0.9997878926
     9.4648500000     0.9979301300     1.0037565488     0.9985452561
     9.5017500000     0.9978097677     1.0038326316     1.0003392966
     9.5386500000     0.9978058713     1.0046386092     0.9989998861
     9.5755500000     0.9992288944     1.0045647854     1.0007373322
     9.6124500000     0.9992708293     1.0053645287     1.0013532642
     9.6493500000     1.0000911000     1.0051704881     1.0011238578
     9.6862500000     0.9976972066     1.0059022773     1.0017369228
     9.7231500000     1.0009723001     1.0061955318     1.0042146534
     9.7600500000     1.0006845636     1.0059996200     1.0026289928
     9.7969500000     1.0015726197     1.0074441731     1.0030449121
     9.8338500000     0.9989943088     1.0065503289     1.0034509915
     9.8707500000     1.0013519385     1.0070226126     1.0047532187
     9.9076500000     1.0012460479     1.0079761980     1.0049306243
     9.9445500000     1.0022382104     1.0077015003     1.0050006779
     9.9814500000     1.0028011426     1.0075952417     1.0041487584
    10.0183500000     1.0028426820     1.0075120811     1.0042781426
    10.0552500000     1.0022272727     1.0072798196     1.0059325994
    10.0921500000     1.0028556668     1.0068037628     1.0053452633
    10.1290500000     1.0030128834     1.0064627108     1.0057545480
    10.1659500000     1.0061526092     1.0070097957     1.0057641102
    10.2028500000     1.0056401626     1.0059162793     1.0053404834
    10.2397500000     1.0055668255     1.0056883331     1.0062181970
    10.2766500000     1.0072427555     1.0047747793     1.0061752909
    10.3135500000     1.0100152565     1.0043300912     1.0055712724
    10.3504500000     1.0097920845     1.0049024845     1.0060452509
    10.3873500000     1.0090107063     1.0040597760     1.0057437809
    10.4242500000     1.0088970566     1.0037293134     1.0069212128
    10.4611500000     1.0088312738     1.0041901878     1.0056172434
    10.4980500000     1.0108071930     1.0035603603     1.0069367992
    10.5349500000     1.0109240676     1.0031575921     1.0049071733
    10.5718500000     1.0112090058     1.0031063040     1.0061511028
    10.6087500000     1.0078058247     1.0026751337     1.0063204465
    10.6456500000     1.0098694448     1.0032371737     1.0039471963
    10.6825500000     1.0112787217     1.0029716329     1.0041431561
    10.7194500000     1.0094498102     1.0027280367     1.0047979964
    10.7563500000     1.0088842696     1.0021624306     1.0040811330
    10.7932500000     1.0108899950     1.0029744343     1.0023166100
    10.8301500000     1.0080421390     1.0021863583     1.0030614160
    10.8670500000     1.0071914341     1.0029202183     1.0030688367
    10.9039500000     1.0067641681     1.0029055687     1.0023333383
    10.9408500000     1.0059735840     1.0030119360     1.0020190170
    10.9777500000     1.0057992511     1.0020231842     1.0007120636
    11.0146500000     1.0051076766     1.0029022190     0.9999807139
    11.0515500000     1.0051149512     1.0027325347     1.0014115698
    11.0884500000     1.0070513960     1.0014664146     0.9983923119
    11.1253500000     1.0057585815     1.0024025795     0.9976197523
    11.1622500000     1.0063338804     1.0020310098     0.9968263961
    11.1991500000     1.0033291871     1.0022600243     0.9958516935
    11.2360500000     1.0022141149     1.0024512176     0.9946422983
    11.2729500000     1.0016415544     1.0026810231     0.9934967072
    11.3098500000     0.9988150937     1.0025161962     0.9916746470
    11.3467500000     1.0013384942     1.0016716130     0.9913671255
    11.3836500000     0.9980431303     1.0033359609     0.9895204271
    11.4205500000     0.9976884772     1.0022517115     0.9886595066
    11.4574500000     0.9988777761     1.0015344721     0.9873236429
    11.4943500000     0.9990125273     1.0009605990     0.9859949819
    11.5312500000     1.0000628241     1.0012469789     0.9847150168
    11.5681500000     0.9951650300     1.0000695395     0.9835811271
    11.6050500000     0.9988051147     0.9988700081     0.9821142518
    11.6419500000     0.9992776337     0.9972321097     0.9801215355
    11.6788500000     0.9978204801     0.9959659471     0.9786668658
    11.7157500000     0.9987872971     0.9945734381     0.9768061096
    11.7526500000     0.9990223427     0.9931568580     0.9749931822
    11.7895500000     0.9992739450     0.9908128018     0.9723867501
    11.8264500000     0.9974039615     0.9886633530     0.9701908661
    11.8633500000     0.9966221393     0.9864677955     0.9683976931
    11.9002500000     0.9958140036     0.9842775573     0.9667896803
    11.9371500000     0.9966278849     0.9818002065     0.9620100815
    11.9740500000     0.9965783939     0.9792984436     0.9599420226
    12.0109500000     0.9979501259     0.9765973865     0.9559871414
    12.0478500000     0.9979345062     0.9725719185     0.9541337532
    12.0847500000     0.9981398434     0.9691637024     0.9517793222
    12.1216500000     0.9970561464     0.9665464658     0.9492209270
    12.1585500000     0.9981509155     0.9617031627     0.9442525922
    12.1954500000     0.9982496644     0.9588107065     0.9416287348
    12.2323500000     0.9972009970     0.9547188891     0.9379590427
    12.2692500000     0.9955362353     0.9508063149     0.9339487515
    12.3061500000     0.9940049381     0.9468734253     0.9289578902
